geolocation: N/A
lastAccountName: NataliaTsunako
timestamps:
  login: 1547974514054
  logout: 1547974354512
  lastteleport: 1547979685177
ipAddress: 182.88.140.168
lastlocation:
  world: world
  x: 177.2723285096308
  y: 9.0
  z: 242.72589148689443
  yaw: 319.32974
  pitch: 28.834055
logoutlocation:
  world: world
  x: 303.31458677444607
  y: 90.0
  z: 493.6343921163748
  yaw: 181.92888
  pitch: 19.800047
afk: true
money: '9107.25'
