lastAccountName: FarmerWU
timestamps:
  login: 1547383261226
  lastteleport: 1547383313510
  logout: 1547389424905
ipAddress: 58.33.104.60
lastlocation:
  world: world
  x: 221.5
  y: 64.0
  z: 243.5
  yaw: 79.800476
  pitch: 11.399982
afk: false
logoutlocation:
  world: world
  x: 9.300000011920929
  y: 63.0
  z: 303.69999998807907
  yaw: 272.17883
  pitch: 22.049896
