lastAccountName: pangji
timestamps:
  login: 1547975546105
  logout: 1547976713582
ipAddress: 116.5.86.34
lastlocation:
  world: world
  x: 220.0
  y: 64.0
  z: 244.0
  yaw: 0.0
  pitch: 0.0
logoutlocation:
  world: world
  x: 232.47560475721426
  y: 65.0625
  z: 345.1130431033285
  yaw: 179.99365
  pitch: 16.64999
