lastAccountName: Vigger
timestamps:
  login: 1547554264576
  logout: 1547554399817
  lastteleport: 1547479236743
ipAddress: 117.159.10.43
logoutlocation:
  world: world
  x: 111.83225307703195
  y: 64.0
  z: 180.91752280031946
  yaw: 91.63037
  pitch: 0.59989035
lastlocation:
  world: world
  x: 218.88899980881922
  y: 64.0
  z: 243.6858125780717
  yaw: 90.00047
  pitch: 30.299982
