lastAccountName: ZANJITSU
timestamps:
  login: 1547718660231
  lastteleport: 1547718898643
  logout: 1547720038870
ipAddress: 125.47.41.155
lastlocation:
  world: world
  x: 176.63582179842385
  y: 64.0
  z: 260.20701520241835
  yaw: -140.94873
  pitch: 9.925291
money: '1892.25'
logoutlocation:
  world: world
  x: 288.0231594360524
  y: 71.0
  z: 281.4607419437415
  yaw: -137.53992
  pitch: 22.403475
