lastAccountName: Tsunako
timestamps:
  login: 1547372985211
  logout: 1547382364629
ipAddress: 182.88.140.97
afk: false
logoutlocation:
  world: world
  x: 157.8634688653818
  y: 67.0
  z: 265.63024474409866
  yaw: 321.30197
  pitch: 3.750046
