lastAccountName: Richang
timestamps:
  login: 1547866115265
  logout: 1547872297048
ipAddress: 116.77.73.255
lastlocation:
  world: world
  x: 220.0
  y: 64.0
  z: 244.0
  yaw: 0.0
  pitch: 0.0
afk: false
logoutlocation:
  world: world
  x: 214.50743107881135
  y: 73.0
  z: 287.82499998807907
  yaw: 1.2004089
  pitch: 2.5499818
