spawns: 
  default: 
    world: world
    x: 221.69140334241763
    y: 64.0
    z: 243.68239257249013
    yaw: 90.300476
    pitch: 28.049982
